211.304000 71.546900
136.431000 42.607800
-63.917700 311.270000
240.577000 -251.200000
-168.965000 -103.211000
-165.377000 203.401000
185.900000 164.645000
-147.162000 46.289800
7.519770 -137.915000
-110.231000 88.625500
115.521000 200.909000
-162.655000 172.887000
-130.859000 162.058000
377.340000 203.354000
-69.693000 252.570000
133.623000 -107.828000
-217.302000 -257.003000
190.257000 123.704000
52.166600 148.370000
176.104000 128.319000
-63.133200 49.497200
38.413800 11.295600
-72.326200 54.216800
76.997600 230.364000
345.389000 -1.643740
61.874100 -101.381000
145.855000 33.650200
8.563850 -140.376000
410.192000 306.291000
341.552000 318.668000
-227.547000 138.235000
133.399000 135.875000
386.122000 137.625000
121.977000 203.966000
609.627000 9.313250
217.244000 -99.787600
177.181000 -131.554000
160.281000 200.082000
-146.836000 343.169000
182.775000 -92.517400
250.359000 -128.840000
460.660000 -241.646000
268.126000 -253.481000
169.866000 156.125000
356.273000 311.107000
189.432000 -46.414700
109.745000 18.937400
98.889900 120.169000
66.332100 101.287000
71.033400 69.257300
-10.408600 73.803700
90.288100 68.316800
147.665000 229.872000
38.356800 -61.649500
-30.943200 -23.756400
27.070300 56.961500
368.898000 47.117100
94.551300 10.311200
-219.473000 165.535000
51.318400 -111.683000
-2.725330 103.184000
162.880000 -117.910000
-36.609500 323.775000
-85.958600 -91.118600
164.129000 420.142000
-145.151000 243.477000
472.495000 -104.543000
240.703000 72.906100
-36.829600 -111.092000
45.364900 -64.904800
374.354000 236.356000
60.300300 63.473600
536.313000 -85.437500
261.014000 120.990000
-110.643000 292.204000
233.027000 -83.717800
225.885000 49.884200
-106.661000 -30.162700
22.231600 71.159500
-143.027000 373.911000
-293.154000 139.207000
-50.953300 84.723200
-66.505500 209.201000
467.082000 -229.149000
124.492000 123.032000
-174.697000 144.302000
287.276000 358.594000
-51.468000 -15.720600
-75.525700 -43.026300
156.910000 295.495000
231.595000 -7.268630
-70.265400 80.797500
-149.019000 -179.240000
110.147000 171.246000
273.133000 296.342000
-266.631000 -22.887800
-22.803900 187.856000
215.509000 364.310000
-168.943000 -107.148000
68.668200 -171.736000
-89.018500 375.521000
-118.538000 56.157600
479.637000 -97.675700
-87.788400 -45.342800
129.450000 250.154000
585.179000 124.964000
-249.108000 329.217000
72.033700 258.808000
390.624000 101.452000
238.935000 300.316000
505.616000 78.173000
-145.205000 186.400000
-39.269200 62.593700
-18.333000 -279.792000
-16.858200 49.888300
-389.748000 92.825000
-102.654000 -33.160700
247.425000 203.131000
-34.032800 -0.588293
25.202500 247.274000
23.148800 300.988000
508.759000 8.763250
385.552000 346.440000
-9.886890 486.207000
110.747000 313.798000
301.213000 168.162000
228.732000 269.316000
225.801000 -91.706600
106.284000 -20.830400
199.021000 247.007000
30.344800 -132.230000
150.068000 64.016700
154.525000 353.617000
377.995000 130.254000
-53.683700 84.965600
426.930000 201.005000
-138.594000 373.960000
392.035000 -484.299000
153.427000 25.860400
-208.291000 26.567400
-17.927200 85.079600
-111.749000 509.393000
12.192800 242.241000
70.547500 80.623100
17.948200 414.988000
295.941000 10.405700
284.310000 -60.926000
-0.743836 177.125000
150.789000 -30.348900
-3.376280 183.371000
138.086000 -140.400000
-68.349900 382.189000
344.114000 96.904900
322.222000 169.353000
266.042000 234.127000
137.791000 28.118300
-184.673000 104.707000
-160.486000 45.720700
292.093000 176.726000
-54.240000 347.351000
225.399000 81.809300
339.631000 176.745000
288.779000 25.652100
226.296000 -54.113600
33.992200 108.415000
195.895000 1.432040
181.795000 285.570000
223.062000 -113.921000
403.675000 193.943000
37.231500 114.362000
-41.904700 -192.903000
58.424500 342.124000
91.590300 338.311000
312.628000 311.968000
27.980600 309.857000
-127.043000 -129.195000
59.734400 12.505100
-68.870000 -114.285000
32.324800 -60.583600
-73.784600 -23.547000
-30.272000 126.094000
11.482800 282.052000
44.751400 173.711000
73.326600 -65.452700
232.657000 89.851000
209.932000 34.389700
-144.696000 -23.164400
201.894000 386.419000
276.105000 77.778600
-119.823000 -205.863000
421.016000 -263.638000
67.864800 -163.371000
-35.023500 209.903000
127.007000 127.928000
25.245300 248.262000
22.983200 -191.678000
233.967000 -24.770700
-406.475000 -90.105900
-256.792000 84.319300
85.813400 19.873600
-103.075000 -102.783000
3.795510 56.484000
328.161000 11.826900
39.735700 149.309000
204.941000 234.300000
33.587600 85.659400
-83.591700 115.412000
16.632100 182.033000
168.613000 -144.929000
-135.550000 440.060000
420.039000 77.240400
355.357000 -276.216000
187.148000 69.592700
168.948000 83.243600
139.939000 29.116700
89.311200 -37.491300
65.170400 264.679000
84.630600 425.059000
-51.123500 -58.862600
126.153000 -205.969000
-8.009500 91.942000
-37.185200 252.849000
147.903000 273.826000
-272.227000 306.858000
352.915000 99.648400
-317.672000 138.721000
160.347000 191.520000
229.434000 106.673000
235.709000 290.594000
52.772000 22.999900
337.415000 158.105000
54.177600 53.767500
35.797500 -8.017820
141.229000 40.061200
257.534000 294.967000
66.527100 -31.575300
44.646800 16.438200
-35.071900 321.270000
249.447000 156.314000
-143.240000 34.867100
317.673000 10.698900
199.686000 73.277700
250.123000 137.091000
-190.557000 -33.096700
169.368000 417.983000
118.031000 -139.344000
220.779000 -89.353900
254.080000 4.829620
-225.476000 -6.959700
51.807700 339.286000
-4.989610 -73.595900
-249.475000 -132.719000
-25.471600 -147.815000
8.587980 382.327000
88.658700 -63.948700
223.060000 197.815000
148.352000 152.565000
-132.135000 154.094000
240.286000 235.475000
352.438000 93.603600
466.574000 -134.818000
265.873000 295.865000
-14.152900 208.416000
70.154500 -9.201740
20.412500 -139.138000
117.583000 -19.036800
-21.653900 -36.581500
54.884700 -100.409000
-141.005000 109.906000
57.283000 205.720000
153.204000 361.862000
148.910000 -135.944000
-88.866700 13.408000
-122.842000 -52.743000
-148.574000 -385.221000
-147.055000 44.908000
12.179700 332.103000
128.585000 382.211000
83.164200 149.667000
-69.383400 310.624000
-133.183000 161.015000
228.895000 238.703000
208.648000 36.301200
358.902000 282.604000
115.007000 257.505000
129.598000 150.638000
359.820000 -35.474000
281.214000 146.524000
223.419000 -6.089580
110.997000 99.024500
396.027000 256.589000
279.818000 -45.700400
111.764000 266.918000
245.784000 354.820000
201.219000 -13.574100
133.626000 98.151900
-86.568300 -106.022000
22.982900 64.372500
-200.041000 262.234000
110.133000 352.611000
90.882100 1.503920
-104.578000 117.416000
-209.689000 406.884000
-65.362500 146.514000
14.197100 97.482100
119.222000 66.998100
350.334000 150.185000
-95.766700 -5.920340
290.422000 283.262000
-200.909000 -77.135900
8.671540 3.353520
244.506000 142.682000
-289.116000 84.183500
263.246000 193.750000
30.408700 -144.517000
-114.484000 309.005000
211.049000 237.781000
3.346010 -78.329300
247.897000 335.658000
-64.758300 194.557000
124.222000 111.528000
389.733000 157.857000
424.141000 37.924700
439.988000 110.000000
235.842000 18.984000
322.991000 87.626900
-127.207000 -21.462000
-259.644000 49.251500
-199.628000 114.361000
248.951000 273.301000
224.309000 -215.166000
37.400100 -119.690000
-79.133700 -201.284000
275.703000 194.005000
243.730000 24.555600
203.597000 -26.632100
-14.909900 149.229000
-43.500700 126.279000
206.228000 223.833000
276.176000 141.899000
-59.580900 230.121000
175.052000 163.402000
-60.621500 -109.753000
224.245000 -52.451400
81.599600 213.816000
214.834000 217.636000
98.405800 344.186000
313.762000 152.454000
-490.043000 250.053000
189.832000 69.908800
-145.325000 376.655000
-51.369000 -339.074000
49.434600 93.347900
-161.188000 43.754600
106.933000 11.017500
482.820000 48.678300
15.881300 223.199000
-103.719000 224.209000
3.755610 -150.542000
187.315000 203.413000
199.374000 -121.344000
283.929000 265.618000
-83.163200 -4.790170
17.276700 -4.418670
14.938100 36.854900
67.520800 211.709000
260.678000 -190.487000
349.862000 130.253000
44.506800 -43.722900
72.892400 282.547000
275.408000 317.370000
-310.821000 -122.273000
-192.477000 -203.410000
76.597700 209.292000
-329.814000 208.757000
-133.169000 164.503000
-326.586000 493.608000
263.183000 191.443000
463.775000 222.308000
-1.009050 230.877000
217.680000 169.705000
290.870000 71.070600
127.709000 209.087000
148.982000 -78.419000
424.175000 -205.508000
-48.151800 -18.418500
463.138000 -95.385800
287.138000 16.393700
159.178000 290.284000
-12.427100 -38.871300
167.670000 -129.604000
-40.554000 339.851000
-278.838000 34.660400
0.112690 -281.593000
143.738000 103.313000
391.686000 -31.104200
-119.563000 200.237000
133.647000 -166.569000
-48.864100 114.682000
103.077000 25.352400
-238.150000 276.673000
199.502000 208.090000
41.131000 -96.461100
-4.332460 -275.931000
-376.652000 -62.573700
-63.971500 100.643000
557.697000 112.872000
-194.806000 85.368000
-134.113000 182.552000
-158.052000 -153.391000
341.976000 22.410500
156.309000 -102.607000
117.995000 -171.384000
158.100000 102.706000
136.786000 236.119000
236.827000 157.454000
-7.592190 -170.709000
259.484000 100.507000
45.722700 323.916000
297.075000 55.382600
-64.598400 245.458000
226.053000 128.940000
307.777000 -8.917240
118.388000 402.236000
-30.875300 -35.997300
227.701000 64.486500
118.130000 42.918700
39.453300 -30.721300
78.382100 -31.045100
-233.997000 158.403000
77.628300 97.843100
-24.809900 353.114000
405.057000 39.733600
-159.810000 76.586700
283.786000 54.532600
313.040000 -77.806100
365.414000 32.459800
227.043000 -31.608600
-17.351000 31.595900
-240.998000 535.551000
223.030000 255.743000
-29.409100 284.503000
-162.888000 224.941000
63.973100 42.444600
181.096000 -35.864900
38.461600 266.703000
223.773000 121.456000
21.449100 101.893000
270.327000 100.573000
181.047000 64.256400
333.219000 195.442000
80.143000 130.831000
233.110000 -118.786000
-0.557833 -269.613000
22.231600 -54.450800
53.468100 -120.938000
395.571000 316.632000
118.316000 -81.032800
73.139800 128.334000
121.021000 27.940900
-27.665500 25.977700
203.819000 264.662000
201.851000 -24.232600
364.764000 162.808000
349.303000 31.358000
-135.032000 135.365000
16.333400 -342.793000
361.042000 112.336000
112.758000 131.478000
231.018000 -140.316000
129.219000 286.765000
337.034000 318.342000
176.650000 -40.581700
544.479000 27.427100
17.110600 33.132900
71.534500 254.313000
152.440000 196.132000
124.179000 -186.784000
191.573000 278.092000
208.792000 -277.080000
-24.373400 201.507000
-113.060000 86.998200
-72.543700 163.129000
110.775000 169.633000
-28.456400 359.589000
11.912500 -16.477800
-57.974300 41.905600
-17.282200 -33.418800
95.078200 157.846000
-259.252000 242.518000
304.477000 160.199000
47.026500 235.078000
250.073000 -26.731600
120.014000 162.371000
7.999960 -20.233600
413.310000 168.329000
241.767000 127.930000
104.558000 361.611000
239.689000 -5.803230
118.427000 -67.878600
401.793000 -43.854300
-113.391000 331.552000
-146.714000 238.498000
21.579300 381.622000
-157.734000 100.343000
-89.698600 -77.314800
-140.789000 292.791000
220.353000 -146.840000
122.468000 -285.491000
368.202000 135.407000
77.482300 72.896000
323.602000 126.603000
-117.045000 58.407000
13.294300 480.282000
167.838000 116.623000
209.225000 -267.393000
201.939000 45.580600
56.798500 56.236400
17.807100 181.766000
141.495000 363.624000
306.628000 307.126000
161.304000 -137.993000
-88.215500 57.708000
-14.133400 19.073500
-25.776400 332.806000
-16.329500 171.630000
-79.222000 376.111000
81.616300 103.914000
177.880000 116.998000
147.256000 284.470000
-72.957800 103.142000
-83.618300 67.885500
220.289000 -164.725000
263.806000 -169.291000
-255.542000 428.039000
203.108000 103.415000
27.670700 121.367000
47.578000 243.962000
600.197000 47.727300
-119.061000 331.426000
129.750000 208.335000
-42.296000 282.041000
-110.642000 -179.938000
191.512000 58.067100
228.572000 228.079000
82.327700 -223.814000
61.758000 168.732000
199.550000 -273.883000
271.310000 -218.907000
337.414000 109.978000
-57.904100 36.110700
-138.911000 -59.053700
179.141000 -10.391300
146.666000 95.947600
-206.447000 -327.671000
51.991100 144.047000
56.911600 398.667000
-41.371200 353.102000
83.848100 13.309700
-35.757600 165.015000
78.229300 -119.182000
112.076000 13.787700
235.705000 -14.442900
64.525000 37.891200
177.578000 87.103300
-60.667500 -224.380000
435.871000 321.415000
25.092300 -158.738000
115.003000 -147.280000
366.516000 152.988000
-170.311000 8.981110
118.417000 -20.562500
387.701000 25.183700
113.720000 387.861000
154.514000 -1.104460
145.333000 133.103000
55.291400 282.317000
138.637000 -284.193000
271.187000 191.011000
-56.352000 49.561900
415.713000 -224.460000
134.988000 -17.049600
129.573000 248.624000
133.263000 329.756000
81.372200 -2.354770
222.307000 343.897000
67.190200 181.733000
349.889000 333.937000
141.358000 149.081000
14.357400 -139.292000
14.605800 -8.267020
-76.410000 14.199600
443.360000 196.173000
-145.164000 -25.835400
179.767000 49.962700
78.984800 174.099000
-133.402000 199.472000
32.645000 -27.709200
242.673000 198.351000
91.738100 338.742000
126.279000 138.476000
79.104300 -20.611800
-14.663400 -431.942000
-262.465000 -63.599900
205.267000 104.278000
316.346000 140.852000
-240.722000 339.543000
-376.532000 92.175400
-162.458000 92.889200
239.836000 134.600000
-131.000000 27.858800
270.967000 94.037600
290.609000 -86.971800
161.224000 308.949000
-15.684600 181.275000
385.333000 266.616000
79.326600 133.886000
0.558037 129.335000
225.342000 157.076000
61.122700 -117.391000
152.233000 77.168300
423.016000 30.553400
29.216100 64.792900
-312.529000 123.966000
144.172000 -197.252000
53.959200 424.887000
-66.053000 -14.632200
-95.357100 17.712100
-59.118700 259.180000
206.887000 359.743000
66.913700 124.941000
8.161940 188.306000
128.387000 16.386200
-35.568100 224.720000
-48.360300 105.059000
185.005000 48.243400
46.953200 -36.534300
-134.006000 111.938000
90.365300 249.041000
258.297000 -9.573230
-11.238200 147.863000
126.352000 109.021000
-23.276700 -322.640000
68.468700 -75.811200
317.386000 25.778800
119.386000 -249.868000
178.846000 78.068000
-10.694600 80.117000
260.401000 195.710000
106.699000 186.674000
-60.614800 135.878000
286.178000 233.590000
162.607000 288.540000
180.897000 -77.570600
202.426000 116.775000
174.131000 3.849340
49.439800 249.435000
316.825000 -188.490000
0.782767 162.109000
-90.957700 117.885000
71.327300 358.490000
103.573000 57.024700
103.460000 395.105000
218.340000 173.335000
248.917000 365.940000
105.624000 -0.795615
-397.726000 215.975000
82.665400 283.070000
452.170000 12.730700
135.655000 -45.143900
-98.014500 -36.340300
-0.209356 47.455900
77.664400 -67.363600
-211.698000 248.434000
127.270000 -26.175000
232.909000 138.398000
-58.146200 153.793000
-130.086000 161.130000
202.419000 213.104000
166.830000 -88.384800
203.533000 -67.282200
-98.070500 124.157000
324.239000 175.719000
-20.199500 187.925000
127.136000 79.502200
153.199000 -19.298600
209.106000 -48.146100
573.514000 -96.512200
-81.800700 38.811100
220.267000 -18.341400
-199.090000 123.729000
-250.768000 -172.938000
-67.046400 101.124000
-362.247000 75.752600
167.122000 19.165700
154.110000 -42.280700
30.413100 291.122000
132.986000 74.007200
334.144000 -134.505000
360.148000 43.600200
169.418000 134.382000
527.753000 211.481000
33.609800 138.955000
97.470000 210.928000
391.793000 96.358800
-24.071100 -89.829300
50.320800 -165.966000
349.751000 70.360400
226.737000 -112.386000
110.732000 113.874000
413.332000 166.399000
-11.552600 377.104000
356.628000 142.499000
164.938000 215.080000
-127.135000 271.839000
100.304000 42.048300
12.323700 214.862000
30.288400 80.376700
148.938000 232.700000
10.891800 15.882700
227.719000 -140.421000
62.782000 228.364000
140.645000 -53.545900
149.299000 44.026700
-36.648800 479.862000
-79.075900 147.461000
278.541000 388.705000
409.128000 -79.659600
-61.387400 326.888000
275.023000 91.641900
262.943000 -143.675000
346.173000 82.591700
-38.125300 -192.065000
-369.599000 45.574800
169.733000 188.337000
161.858000 -225.344000
185.370000 369.704000
12.322300 166.397000
323.756000 164.791000
-94.611600 -88.138100
163.781000 369.087000
399.379000 -320.012000
76.136100 -330.337000
19.105800 -215.757000
259.371000 -142.319000
164.031000 151.058000
187.792000 418.847000
24.294600 96.364600
-168.693000 -132.482000
331.073000 39.673900
287.206000 60.547100
230.752000 69.300100
399.383000 239.029000
207.374000 57.308600
309.490000 -162.720000
-96.714800 13.240900
-89.168800 210.392000
-114.032000 194.989000
216.561000 -183.679000
82.024200 71.699900
102.510000 -362.372000
-15.798200 369.876000
393.608000 5.694680
62.365700 86.775300
132.990000 -19.006400
-56.989300 6.468760
-21.332200 -62.286600
232.435000 -8.691130
94.067000 220.382000
-256.169000 321.709000
-108.764000 122.633000
-115.831000 157.393000
-25.629400 113.913000
84.885300 252.012000
-36.027700 254.736000
191.652000 125.486000
-53.919600 362.339000
359.360000 143.073000
123.177000 29.790600
3.016360 289.685000
164.748000 268.643000
175.178000 52.221800
248.946000 183.976000
350.050000 244.037000
86.008400 -67.780400
163.041000 23.738800
147.790000 269.542000
-32.147300 311.216000
264.142000 109.069000
35.323500 46.132700
-23.089300 55.887200
124.443000 19.249800
129.357000 118.858000
55.013700 315.405000
-19.131400 22.091100
150.954000 -111.097000
135.106000 -63.365100
100.776000 158.577000
36.616800 112.633000
-84.891400 108.970000
416.764000 -151.016000
272.241000 52.373000
8.474460 89.082300
227.705000 59.858300
178.426000 118.732000
53.780300 -59.742900
-109.010000 131.946000
26.221200 -225.148000
-124.663000 199.569000
192.196000 125.295000
421.155000 -47.471000
12.450700 -149.343000
374.074000 141.532000
134.768000 -168.310000
167.398000 98.393300
37.161100 -36.412800
-183.646000 301.910000
6.805570 241.003000
384.885000 174.838000
393.311000 -147.146000
462.950000 120.339000
-91.939300 180.067000
-206.705000 202.786000
214.573000 144.493000
42.052500 46.089600
178.760000 133.449000
146.229000 -347.150000
487.846000 -272.844000
-9.746840 152.061000
256.935000 189.295000
-109.090000 14.908300
-121.776000 322.291000
84.032400 -392.765000
-243.872000 356.904000
-72.797600 -93.639100
232.979000 -140.731000
79.956600 105.678000
189.341000 -110.193000
212.517000 7.898170
227.953000 103.758000
-5.454110 -31.709300
-17.504600 156.499000
89.948500 121.451000
54.896800 350.170000
-10.819900 123.961000
87.476200 -59.516500
234.104000 329.606000
248.556000 196.180000
20.172100 74.098000
84.010900 336.789000
5.853590 173.851000
-8.280870 150.150000
447.759000 -105.399000
-179.870000 193.522000
-5.983420 211.054000
204.658000 279.328000
-112.788000 346.543000
-145.995000 67.880900
117.706000 24.364400
371.467000 92.140500
-42.161400 151.197000
189.567000 309.464000
301.104000 238.480000
190.470000 157.117000
85.852700 -167.484000
173.466000 91.240200
-21.502000 315.302000
19.432000 215.642000
27.554000 111.253000
300.167000 -67.667900
-111.263000 -81.567800
231.070000 -121.306000
101.932000 -24.010400
189.334000 -81.798400
149.962000 202.182000
-64.721000 115.669000
42.357700 -186.838000
6.609590 -53.648200
251.484000 89.285600
62.730000 309.077000
143.083000 203.890000
104.933000 285.346000
70.008400 -190.065000
276.047000 13.867900
336.972000 -188.233000
-197.955000 150.067000
187.411000 225.750000
39.580700 -54.262500
40.428700 267.240000
-39.702800 165.960000
-67.550000 156.965000
396.392000 112.746000
131.463000 120.902000
-71.530600 99.411900
-193.054000 122.192000
-44.694300 233.519000
-69.500500 -16.675300
114.211000 44.708500
187.871000 146.504000
24.579300 71.149600
281.398000 106.623000
-72.696200 -180.619000
206.203000 121.722000
149.768000 128.907000
235.416000 123.015000
190.096000 307.609000
51.990000 88.194100
306.247000 225.382000
220.291000 221.797000
495.441000 -207.205000
354.848000 -30.716100
-175.200000 244.951000
190.943000 173.567000
120.928000 235.363000
145.555000 267.690000
58.974700 345.445000
26.638200 11.734500
334.444000 -108.441000
-258.833000 -22.690100
-72.565100 276.255000
220.985000 -88.112400
-44.517000 260.330000
9.588080 171.624000
311.585000 220.057000
-210.347000 143.232000
-119.344000 -31.797900
319.693000 73.558400
-221.802000 -159.599000
160.317000 112.876000
198.710000 -87.090600
395.053000 318.124000
-1.065340 110.555000
-157.725000 47.274700
257.450000 137.699000
-40.193900 223.410000
129.980000 143.549000
326.701000 165.113000
263.543000 184.953000
315.605000 68.521000
66.270200 -48.652400
257.420000 -71.344100
-267.031000 149.004000
-228.989000 -84.859000
155.924000 78.781300
273.064000 -347.976000
134.693000 -262.335000
-192.357000 256.319000
111.940000 -156.646000
2.112500 330.838000
227.092000 -246.441000
-48.097300 151.694000
-280.667000 108.100000
32.360900 -2.179060
14.445100 -210.737000
304.565000 -23.172300
50.135500 32.009000
-43.435900 -55.095700
-90.097100 55.046400
215.320000 -245.210000
431.388000 -28.263300
152.335000 33.057400
105.415000 6.923580
-38.925100 14.987900
56.705100 72.988100
458.308000 239.427000
11.813100 -220.792000
98.843600 104.169000
19.236000 40.897800
116.090000 290.603000
224.523000 255.408000
42.020600 433.157000
-141.230000 398.537000
448.056000 143.995000
116.201000 438.414000
130.779000 420.916000
177.524000 369.091000
337.328000 136.108000
335.177000 308.045000
92.655400 327.851000
92.098700 310.086000
8.871330 448.837000
-230.820000 545.213000
199.986000 288.723000
-218.460000 557.157000
187.292000 384.045000
512.058000 238.803000
11.791600 294.211000
206.751000 370.549000
-37.642300 266.747000
178.299000 370.956000
76.386900 357.742000
8.465950 455.955000
70.195100 469.572000
337.066000 357.403000
84.293400 426.173000
-73.232300 517.781000
101.183000 437.326000
-41.225200 508.374000
-213.173000 538.431000
147.604000 345.526000
-134.768000 273.253000
241.128000 333.447000
176.977000 322.671000
72.847600 353.852000
122.910000 426.660000
-53.719600 515.168000
-92.848000 354.476000
-59.475800 458.816000
111.328000 318.155000
231.393000 386.430000
11.703100 342.860000
206.203000 303.174000
159.536000 338.723000
-340.797000 549.820000
29.801700 394.610000
85.106000 295.143000
-378.597000 607.234000
232.842000 139.760000
-79.463500 452.192000
-248.067000 419.313000
50.983100 402.497000
-40.507500 504.378000
143.929000 393.745000
175.824000 315.696000
209.070000 421.479000
197.616000 183.061000
145.426000 392.208000
197.731000 305.034000
9.042970 323.968000
119.542000 313.747000
40.348900 478.410000
297.221000 234.235000
48.260300 382.642000
80.956400 376.968000
376.739000 231.378000
178.448000 357.105000
108.907000 366.228000
71.739300 389.589000
-230.077000 462.599000
99.654300 454.717000
122.935000 311.475000
113.544000 345.046000
642.963000 191.422000
570.872000 182.398000
