277.580000 398.312000
148.282000 506.218000
169.963000 639.382000
340.369000 508.766000
390.141000 390.716000
263.253000 491.217000
179.292000 461.050000
311.881000 473.832000
38.434300 499.230000
236.341000 533.069000
168.493000 595.013000
521.492000 417.047000
73.887300 579.550000
275.401000 495.517000
86.843700 518.841000
213.460000 431.373000
99.103100 479.898000
361.355000 443.357000
87.594300 485.032000
376.565000 389.449000
281.271000 421.137000
80.927900 545.996000
315.673000 395.388000
230.306000 577.211000
18.672400 515.437000
412.624000 370.097000
130.730000 514.741000
244.529000 419.231000
545.090000 361.107000
470.388000 523.119000
249.290000 429.206000
446.464000 568.068000
152.750000 471.405000
140.522000 975.207000
125.504000 521.074000
438.015000 571.972000
263.108000 559.219000
530.105000 689.067000
100.441000 822.238000
126.932000 756.701000
-36.409600 652.511000
-34.414600 850.472000
260.592000 656.682000
308.235000 953.465000
212.024000 703.708000
-87.911200 824.524000
114.662000 642.046000
-12.672200 662.359000
490.875000 841.300000
121.509000 894.199000
529.393000 899.789000
266.755000 615.105000
149.131000 890.232000
498.392000 688.091000
137.993000 604.690000
188.910000 922.343000
254.842000 430.340000
-45.947300 804.462000
77.097900 650.116000
325.815000 726.301000
98.307800 531.009000
271.656000 714.965000
127.374000 771.398000
145.245000 710.185000
485.686000 688.915000
81.801300 684.152000
266.766000 783.367000
276.535000 679.926000
222.841000 636.536000
159.509000 526.800000
320.716000 681.875000
177.869000 546.790000
-11.108200 601.330000
207.085000 495.240000
296.915000 734.288000
144.347000 879.277000
100.932000 842.705000
249.996000 706.303000
178.536000 677.074000
300.571000 553.332000
272.054000 766.266000
145.781000 986.907000
503.272000 868.780000
272.712000 671.141000
384.155000 743.331000
123.975000 1174.520000
451.198000 842.624000
214.924000 972.971000
131.320000 702.740000
194.135000 494.754000
168.008000 958.816000
442.886000 776.174000
318.123000 449.558000
778.781000 545.684000
387.007000 584.995000
209.169000 592.046000
45.671700 957.342000
303.605000 481.657000
35.671100 784.482000
268.471000 779.783000
65.417400 729.213000
364.841000 495.217000
138.529000 641.036000
234.657000 683.283000
10.667200 588.191000
403.510000 715.957000
97.617300 826.575000
196.715000 894.115000
238.826000 819.522000
120.100000 823.525000
112.538000 635.988000
142.458000 798.185000
223.186000 769.704000
420.992000 755.102000
95.179500 772.817000
277.732000 680.598000
415.842000 828.316000
412.680000 722.724000
203.405000 735.743000
277.693000 400.548000
300.070000 888.564000
139.044000 503.014000
102.844000 528.348000
-18.264000 854.657000
-124.122000 792.756000
120.848000 868.289000
481.750000 615.040000
185.347000 577.036000
295.508000 754.983000
180.886000 759.752000
193.818000 848.657000
130.238000 712.610000
352.587000 761.636000
406.515000 436.622000
296.133000 862.940000
-303.853000 881.980000
213.346000 481.777000
278.910000 421.309000
441.183000 766.533000
144.610000 732.166000
-172.975000 634.144000
267.087000 678.788000
191.694000 621.855000
-18.091900 917.579000
111.490000 899.506000
420.962000 674.334000
212.265000 963.680000
256.601000 909.551000
259.538000 496.803000
-21.705900 584.435000
335.259000 604.812000
17.179700 619.467000
339.450000 593.029000
87.315800 544.104000
275.132000 572.795000
75.960900 709.811000
18.606200 737.368000
284.027000 656.064000
276.704000 477.099000
257.171000 937.165000
36.749400 566.853000
394.603000 556.634000
630.401000 914.051000
248.084000 625.842000
287.758000 927.558000
354.048000 497.326000
5.951820 656.473000
199.345000 734.607000
214.222000 629.636000
296.154000 778.264000
214.510000 877.570000
405.731000 745.146000
324.827000 839.842000
218.588000 805.816000
-146.130000 697.475000
319.053000 746.093000
77.316300 968.083000
174.179000 780.422000
261.442000 844.164000
309.232000 1099.550000
353.447000 539.043000
318.233000 463.866000
348.878000 963.743000
451.331000 532.753000
284.691000 508.620000
491.574000 729.974000
287.103000 914.967000
261.428000 897.614000
197.631000 611.084000
251.271000 576.562000
207.015000 906.274000
267.643000 902.432000
297.185000 679.288000
8.496350 1049.690000
76.922100 873.749000
261.881000 430.430000
-88.844900 973.615000
93.907600 590.599000
145.690000 752.917000
155.278000 749.282000
35.332600 744.921000
82.170300 705.897000
292.833000 646.512000
221.498000 546.116000
252.751000 410.587000
515.126000 563.974000
117.646000 512.438000
260.071000 668.076000
26.194300 782.967000
127.479000 620.873000
360.746000 757.708000
10.040300 675.304000
255.371000 435.542000
353.839000 945.202000
385.133000 945.766000
292.402000 785.008000
286.376000 607.770000
125.341000 590.743000
376.461000 764.404000
18.639600 983.057000
295.436000 454.437000
340.116000 831.089000
421.947000 824.520000
80.299400 803.611000
80.334400 645.017000
-133.848000 661.521000
379.296000 577.832000
55.016400 688.723000
370.288000 644.023000
234.764000 647.299000
-205.064000 930.154000
154.987000 466.040000
284.218000 819.639000
232.678000 719.944000
-80.697800 601.749000
148.360000 953.130000
728.906000 779.073000
-34.808400 812.511000
248.874000 663.294000
83.841000 919.355000
212.161000 521.891000
179.626000 513.557000
266.157000 974.089000
162.751000 812.764000
167.262000 764.043000
589.437000 554.831000
-32.413000 735.615000
-34.007400 974.767000
-5.466830 536.006000
67.690700 688.734000
-11.170500 871.715000
-289.920000 788.275000
357.702000 426.034000
326.696000 952.502000
230.992000 786.378000
578.209000 569.921000
386.714000 868.996000
236.199000 545.447000
97.122300 630.390000
-43.420600 536.135000
345.125000 382.887000
89.276200 743.957000
364.723000 978.291000
215.073000 637.680000
271.103000 812.476000
218.568000 724.208000
408.827000 702.973000
321.489000 411.496000
316.121000 655.600000
182.296000 818.823000
108.293000 638.276000
73.245800 619.898000
448.362000 696.116000
172.517000 552.264000
219.524000 529.924000
335.653000 728.820000
485.366000 903.898000
343.343000 523.954000
333.983000 855.840000
220.433000 770.464000
426.197000 741.040000
50.350500 894.435000
344.537000 698.654000
470.753000 820.286000
266.936000 751.885000
103.603000 739.764000
-87.843500 715.356000
387.462000 707.505000
419.877000 615.228000
85.724300 819.376000
281.538000 823.865000
96.769200 817.500000
-16.909200 576.640000
137.803000 587.072000
-144.676000 1108.880000
96.111000 741.774000
268.407000 581.418000
43.994400 513.204000
122.432000 664.501000
-275.998000 726.108000
416.405000 622.196000
382.664000 952.814000
492.566000 711.834000
363.643000 720.846000
70.690600 604.556000
281.207000 612.199000
240.520000 1055.230000
154.258000 654.589000
-193.900000 719.998000
379.332000 753.281000
-61.809500 748.022000
350.958000 503.228000
384.451000 563.868000
147.702000 841.652000
78.298400 830.955000
388.731000 747.560000
102.384000 958.950000
120.205000 669.740000
416.542000 799.278000
504.454000 482.759000
298.216000 611.437000
689.404000 832.801000
156.006000 567.163000
225.684000 687.986000
99.641800 874.192000
214.694000 502.830000
38.453600 845.402000
-8.254870 724.330000
-141.992000 724.502000
576.455000 576.855000
140.546000 703.288000
-141.225000 828.998000
203.766000 680.066000
105.720000 820.703000
111.137000 940.008000
186.963000 556.932000
135.753000 599.268000
416.116000 391.039000
8.769920 892.089000
121.744000 864.782000
333.096000 594.895000
308.869000 1051.320000
28.137900 583.117000
127.226000 901.127000
427.042000 722.621000
420.154000 613.976000
175.382000 577.186000
35.986500 881.117000
144.130000 792.568000
131.603000 615.130000
366.231000 615.801000
238.479000 783.625000
208.568000 522.973000
105.543000 617.643000
180.348000 726.473000
289.626000 805.854000
376.691000 881.997000
471.209000 566.055000
142.369000 737.529000
322.214000 644.271000
375.593000 723.500000
37.889000 798.206000
230.936000 690.654000
469.420000 537.328000
369.602000 488.160000
211.987000 446.842000
431.298000 545.442000
384.841000 934.774000
461.454000 804.849000
116.405000 585.141000
326.081000 475.709000
199.795000 729.637000
318.696000 402.479000
328.546000 593.678000
258.382000 636.051000
191.177000 549.699000
388.652000 545.649000
211.893000 754.274000
237.273000 703.957000
229.766000 722.579000
56.778000 519.087000
417.760000 690.107000
267.304000 530.003000
-114.588000 819.166000
56.857300 915.925000
477.856000 928.781000
476.303000 648.894000
311.576000 810.658000
110.287000 573.878000
355.634000 472.328000
333.295000 870.334000
-178.182000 630.707000
167.036000 646.294000
332.229000 762.078000
2.754820 964.482000
289.095000 814.328000
-221.275000 832.648000
87.575400 702.197000
391.067000 721.505000
424.172000 710.943000
142.581000 813.308000
653.112000 697.640000
108.377000 755.747000
377.955000 833.998000
374.124000 765.698000
276.865000 1038.790000
258.892000 766.657000
-84.471900 566.904000
65.398000 896.536000
292.093000 1095.180000
338.720000 1158.410000
-107.668000 788.455000
271.238000 719.494000
-129.284000 765.976000
145.613000 707.982000
481.402000 719.611000
87.150800 607.922000
388.571000 946.987000
246.748000 870.282000
154.006000 667.872000
198.568000 624.572000
211.420000 969.904000
35.988000 1114.540000
389.114000 449.499000
331.538000 954.777000
362.525000 920.726000
161.666000 544.026000
171.385000 736.851000
215.693000 657.874000
112.073000 723.911000
350.256000 550.361000
403.242000 911.643000
75.599200 817.720000
381.024000 719.492000
-211.253000 621.431000
541.022000 789.694000
296.620000 687.680000
170.810000 771.683000
127.016000 867.557000
314.420000 790.806000
-180.790000 929.499000
-277.788000 909.657000
412.475000 804.748000
189.393000 893.308000
463.552000 833.619000
42.466100 880.001000
-82.715200 581.551000
388.633000 852.435000
238.633000 446.436000
465.344000 771.312000
167.036000 1376.140000
434.906000 610.383000
433.915000 778.994000
51.410700 976.649000
171.144000 488.524000
186.515000 912.134000
-23.896500 637.095000
87.509400 1233.720000
38.112000 777.910000
115.510000 795.931000
18.194400 657.714000
98.115300 608.569000
41.812100 544.070000
158.193000 685.482000
-54.315100 870.266000
246.471000 808.871000
176.405000 528.523000
223.714000 543.041000
174.789000 952.581000
13.721400 997.391000
279.309000 724.053000
469.950000 873.966000
259.589000 766.758000
161.506000 901.969000
151.090000 871.846000
501.812000 984.002000
461.793000 520.230000
344.848000 958.118000
372.339000 712.601000
312.315000 534.897000
231.877000 626.266000
257.260000 828.173000
229.213000 654.938000
285.671000 716.703000
18.588700 656.670000
53.618200 1047.470000
138.682000 694.121000
150.639000 465.084000
277.587000 580.739000
310.710000 561.139000
470.679000 828.811000
317.986000 782.366000
436.364000 1020.970000
244.897000 586.057000
285.382000 526.174000
295.160000 832.015000
213.106000 901.389000
64.337600 485.023000
133.916000 742.230000
344.565000 577.763000
365.290000 1145.130000
338.771000 517.284000
-338.327000 801.664000
421.137000 654.044000
412.355000 486.504000
361.340000 741.086000
113.486000 674.515000
203.991000 780.407000
136.150000 656.608000
280.740000 536.261000
319.343000 438.790000
7.550520 541.062000
645.894000 923.444000
360.134000 972.663000
244.762000 742.977000
-105.522000 750.689000
-44.528500 893.593000
132.306000 751.964000
166.121000 713.795000
282.712000 554.772000
157.917000 517.052000
418.765000 670.721000
110.243000 730.387000
123.825000 595.691000
351.490000 774.671000
333.480000 568.857000
344.117000 429.198000
149.850000 652.591000
375.204000 819.933000
93.289000 771.755000
121.562000 854.015000
295.102000 672.470000
417.736000 573.966000
377.062000 823.550000
126.916000 1124.680000
108.849000 464.385000
239.013000 637.445000
385.382000 741.930000
201.894000 811.391000
23.865300 796.919000
152.853000 663.355000
213.332000 829.084000
489.790000 794.334000
366.446000 753.563000
231.796000 576.148000
421.184000 739.280000
148.482000 551.859000
563.990000 858.098000
189.648000 961.752000
381.758000 607.646000
-220.848000 665.486000
131.867000 859.844000
213.527000 741.415000
304.393000 514.847000
143.118000 671.122000
547.631000 614.366000
210.427000 662.215000
278.969000 461.259000
275.820000 522.687000
40.875100 978.426000
339.677000 866.166000
614.059000 667.341000
129.261000 727.796000
282.977000 880.414000
399.741000 737.622000
301.368000 603.220000
371.580000 634.167000
128.746000 928.123000
-45.323400 586.099000
92.218800 616.495000
242.488000 756.722000
-61.549200 674.566000
139.065000 623.966000
179.194000 1313.070000
326.212000 656.125000
349.861000 681.780000
118.787000 1160.570000
313.469000 640.854000
53.242400 580.483000
420.023000 766.481000
426.985000 757.236000
125.045000 850.771000
92.578100 470.508000
245.406000 819.209000
14.950300 989.139000
85.612600 726.740000
82.851400 766.261000
57.892100 746.196000
-132.210000 774.927000
50.543400 757.357000
374.155000 1075.120000
101.915000 831.125000
165.534000 442.624000
189.625000 934.819000
357.157000 404.629000
209.823000 698.140000
282.607000 944.810000
171.083000 662.929000
423.015000 682.478000
451.132000 512.673000
181.110000 620.165000
388.976000 588.382000
155.147000 712.394000
-47.316100 729.626000
125.797000 638.279000
276.435000 797.926000
179.134000 519.123000
141.350000 689.941000
279.409000 611.189000
84.666700 567.029000
387.281000 808.787000
229.291000 599.428000
253.011000 495.959000
140.837000 790.360000
486.408000 765.464000
250.419000 573.841000
258.400000 759.835000
330.473000 706.928000
434.444000 744.051000
495.248000 596.896000
94.360800 587.076000
354.443000 785.752000
444.670000 525.499000
-55.335500 741.848000
203.336000 725.746000
-70.251200 717.058000
221.168000 887.163000
313.899000 723.913000
-6.179390 723.875000
393.632000 642.795000
285.429000 883.535000
151.475000 643.649000
253.374000 764.850000
288.450000 572.396000
569.363000 831.103000
129.388000 868.636000
444.085000 559.789000
104.632000 755.278000
243.227000 766.795000
137.822000 757.010000
279.596000 750.123000
33.536300 605.406000
160.027000 507.008000
-69.586300 652.541000
410.707000 684.533000
263.934000 858.712000
71.572300 774.348000
205.978000 956.252000
374.934000 992.346000
250.176000 804.612000
365.202000 978.187000
334.774000 727.710000
108.555000 915.169000
601.377000 994.311000
-77.137000 787.545000
277.430000 961.571000
221.643000 810.197000
154.462000 795.477000
233.269000 723.321000
187.947000 564.705000
259.930000 1099.170000
256.371000 897.822000
76.961500 751.854000
-6.225210 773.718000
119.590000 711.868000
109.868000 608.380000
587.265000 672.073000
262.029000 799.335000
276.343000 648.480000
211.870000 967.548000
648.810000 709.434000
327.746000 629.666000
207.091000 516.571000
-24.474800 1113.520000
33.193400 621.625000
256.523000 662.284000
352.775000 847.063000
8.058500 607.425000
438.938000 601.461000
296.226000 400.345000
158.509000 620.261000
55.050400 804.043000
250.334000 450.034000
136.369000 596.384000
18.032200 612.640000
119.124000 929.300000
280.985000 591.476000
70.282800 528.080000
221.580000 640.335000
261.788000 591.502000
-6.758260 955.989000
19.530600 650.375000
49.255600 486.594000
-324.527000 1013.800000
62.848800 752.657000
352.698000 616.048000
290.592000 566.098000
241.364000 718.166000
366.058000 628.093000
-156.925000 806.607000
58.018400 505.080000
121.237000 682.758000
115.576000 559.331000
137.887000 618.291000
294.829000 810.829000
-4.530530 655.652000
197.231000 623.331000
182.804000 875.154000
10.674300 599.199000
-71.782400 860.668000
173.376000 770.836000
70.095500 608.802000
55.433900 1013.910000
485.409000 760.237000
-77.025500 705.365000
559.949000 987.339000
18.930200 695.821000
510.788000 362.468000
88.285600 983.888000
-33.107000 741.953000
114.288000 635.648000
-55.588200 823.988000
443.299000 653.495000
205.864000 705.353000
133.289000 586.793000
70.041300 825.489000
463.912000 893.571000
188.526000 1149.930000
24.818000 879.682000
284.654000 637.381000
416.183000 755.100000
349.784000 464.650000
152.654000 867.985000
29.313300 518.773000
-78.582500 1125.250000
428.786000 382.855000
73.111800 822.160000
603.422000 891.747000
252.985000 751.840000
304.077000 850.408000
135.148000 1242.370000
371.311000 736.575000
446.694000 794.401000
-172.932000 735.040000
209.746000 1061.820000
196.438000 574.371000
216.823000 779.557000
328.527000 968.850000
301.445000 587.590000
132.208000 487.262000
204.500000 501.854000
321.982000 751.565000
-54.529200 820.759000
188.886000 439.261000
148.098000 608.312000
343.693000 560.388000
335.155000 963.049000
73.071700 747.456000
237.656000 1049.870000
360.103000 965.968000
175.164000 618.310000
316.189000 662.237000
161.899000 752.557000
94.574300 631.127000
258.343000 516.212000
-34.713100 1067.160000
21.607500 542.600000
323.123000 608.224000
234.795000 820.566000
294.263000 665.397000
343.317000 708.569000
228.425000 711.190000
95.532900 697.453000
22.223100 813.355000
165.723000 709.575000
38.295500 589.804000
606.980000 749.961000
-13.692100 626.508000
561.587000 509.898000
349.998000 727.225000
53.833200 627.302000
485.792000 812.417000
-184.221000 682.677000
70.931800 695.470000
293.202000 560.571000
76.134700 1015.980000
5.440560 669.352000
-9.229520 919.011000
696.638000 645.469000
285.602000 1185.800000
285.030000 793.060000
183.506000 761.342000
380.436000 453.196000
527.112000 797.894000
32.250800 963.508000
263.851000 587.425000
210.426000 851.610000
409.094000 387.167000
-3.774040 565.601000
-139.774000 941.960000
257.566000 712.288000
109.771000 747.600000
-360.274000 1022.320000
569.106000 670.098000
36.683400 639.174000
337.241000 831.744000
-20.219300 800.956000
85.673000 954.332000
247.725000 912.968000
233.649000 844.072000
344.887000 672.055000
138.965000 484.292000
58.414600 642.243000
344.120000 660.192000
490.146000 620.106000
250.774000 709.318000
148.807000 741.865000
332.932000 721.915000
-58.803400 635.415000
74.379100 753.512000
134.121000 887.588000
553.192000 660.661000
135.251000 841.661000
710.363000 506.192000
69.036000 641.696000
-147.382000 818.183000
233.139000 591.676000
546.065000 710.305000
205.591000 555.974000
600.729000 712.809000
110.283000 735.720000
-101.994000 634.695000
166.747000 758.137000
-76.616400 729.739000
94.643600 817.986000
51.427600 683.475000
-18.375800 576.723000
84.297800 749.862000
293.768000 950.154000
426.348000 886.712000
48.171900 920.228000
140.084000 540.020000
-184.620000 772.644000
84.700700 1123.770000
41.122900 740.522000
105.574000 610.096000
177.050000 741.680000
224.407000 505.936000
385.740000 527.216000
265.921000 654.261000
81.736700 604.907000
237.327000 481.391000
240.496000 497.208000
-309.859000 949.846000
340.384000 630.889000
200.089000 588.084000
261.964000 1095.150000
-98.360600 714.474000
183.348000 441.890000
245.649000 662.489000
2.542510 622.161000
331.960000 725.639000
288.434000 927.399000
304.439000 992.271000
303.538000 1059.560000
154.765000 501.196000
500.216000 731.998000
378.867000 527.052000
184.347000 599.508000
204.505000 698.017000
492.362000 631.544000
296.814000 725.724000
238.986000 650.077000
692.285000 636.840000
100.483000 813.464000
391.560000 750.180000
91.811700 593.587000
253.366000 700.080000
35.712100 743.002000
212.689000 720.764000
269.862000 772.277000
377.649000 565.265000
253.547000 567.274000
131.981000 524.910000
648.428000 752.297000
181.009000 558.204000
140.536000 611.030000
266.029000 807.995000
486.065000 694.431000
120.947000 909.976000
239.003000 1089.260000
302.382000 857.213000
219.367000 1018.890000
7.684240 957.116000
352.628000 480.784000
224.917000 938.771000
15.128100 654.393000
114.683000 531.078000
174.642000 730.542000
55.656100 849.037000
271.063000 883.853000
251.903000 614.656000
157.085000 506.745000
102.738000 495.225000
428.312000 681.293000
370.235000 672.734000
-106.280000 743.923000
-213.898000 798.175000
172.890000 830.013000
346.511000 777.013000
171.442000 724.156000
172.475000 616.733000
176.510000 514.834000
501.435000 643.603000
148.317000 655.047000
129.927000 637.298000
129.446000 649.934000
356.131000 788.385000
236.981000 777.116000
112.970000 824.932000
-166.137000 732.431000
-92.594000 967.567000
132.825000 627.045000
23.094600 591.306000
184.742000 756.165000
413.017000 933.455000
83.892200 913.015000
62.577700 634.103000
43.495200 814.861000
191.363000 489.883000
152.552000 993.836000
243.212000 629.969000
367.984000 602.804000
468.351000 544.985000
-4.458200 841.948000
344.617000 704.760000
-215.656000 804.482000
488.595000 461.810000
323.829000 457.185000
354.870000 611.581000
457.519000 650.500000
86.895900 748.814000
502.441000 721.889000
62.340400 688.948000
346.860000 727.797000
219.424000 496.225000
106.715000 521.995000
-105.462000 752.232000
126.785000 1019.270000
8.031270 882.489000
142.310000 450.629000
336.543000 397.305000
83.015600 772.611000
106.103000 652.723000
110.344000 591.596000
28.041700 531.560000
146.973000 645.592000
674.533000 611.823000
562.923000 1096.340000
772.661000 674.058000
597.716000 631.528000
562.672000 913.043000
687.959000 677.444000
616.788000 683.691000
493.570000 598.893000
595.475000 732.467000
648.670000 1057.030000
714.272000 642.801000
584.055000 747.746000
778.518000 502.633000
701.144000 404.900000
606.569000 899.534000
659.287000 662.694000
556.475000 913.561000
536.860000 652.323000
539.759000 960.829000
513.885000 754.530000
564.210000 838.140000
645.708000 663.768000
541.015000 922.500000
772.466000 623.151000
512.278000 697.433000
465.413000 868.847000
548.063000 1043.880000
655.383000 753.096000
466.838000 622.027000
787.539000 606.763000
697.252000 970.753000
716.786000 723.856000
540.002000 439.516000
503.820000 1075.990000
704.820000 771.973000
679.113000 952.169000
522.046000 567.448000
412.750000 747.423000
590.727000 828.666000
700.626000 586.452000
771.886000 699.507000
592.803000 1103.630000
661.077000 1048.100000
501.258000 808.049000
639.879000 1083.350000
441.877000 888.512000
735.857000 789.949000
696.096000 856.693000
653.167000 1029.430000
633.860000 742.480000
700.710000 517.697000
577.020000 543.461000
813.141000 454.147000
699.470000 654.869000
749.900000 523.415000
628.158000 860.680000
351.366000 918.893000
728.676000 726.825000
470.837000 918.690000
556.825000 835.073000
570.786000 803.140000
425.249000 878.512000
698.631000 778.087000
618.629000 849.377000
629.057000 801.092000
558.376000 918.395000
633.008000 825.468000
625.911000 619.964000
557.709000 709.828000
397.293000 844.462000
662.799000 857.953000
505.369000 858.308000
498.817000 905.560000
204.771000 914.009000
542.823000 721.736000
729.721000 829.322000
452.271000 957.193000
544.048000 390.878000
557.740000 1183.810000
664.577000 773.469000
623.797000 687.488000
772.615000 680.764000
694.736000 709.938000
668.173000 1056.870000
451.555000 1079.590000
638.205000 717.335000
693.059000 807.789000
601.553000 483.726000
638.332000 1090.570000
663.577000 912.062000
735.735000 843.273000
680.270000 495.524000
637.560000 681.452000
721.861000 796.172000
670.881000 728.656000
682.016000 638.129000
652.895000 672.990000
376.438000 921.476000
709.456000 528.454000
797.162000 578.774000
755.082000 728.949000
756.891000 682.059000
577.511000 683.699000
653.519000 923.645000
544.928000 987.591000
631.371000 672.028000
632.745000 652.137000
710.185000 737.422000
581.740000 1264.050000
536.944000 802.324000
595.828000 604.617000
385.675000 879.632000
709.026000 440.384000
724.004000 824.119000
695.865000 874.769000
748.263000 777.685000
678.565000 753.947000
742.013000 787.224000
565.367000 871.381000
550.470000 766.178000
628.449000 1070.930000
708.153000 782.665000
729.005000 830.480000
649.108000 694.444000
611.594000 884.850000
679.307000 912.630000
668.650000 828.898000
655.770000 599.487000
492.199000 685.813000
790.502000 543.537000
764.273000 502.837000
528.051000 887.951000
642.770000 618.818000
496.665000 870.378000
585.395000 985.880000
529.930000 882.065000
680.646000 639.756000
674.473000 831.247000
461.744000 764.306000
512.184000 886.798000
628.236000 1060.340000
576.112000 786.169000
386.500000 937.924000
547.062000 854.146000
641.547000 664.322000
552.385000 875.708000
357.461000 1084.520000
502.628000 549.213000
677.348000 607.155000
467.951000 745.323000
540.929000 1191.390000
516.960000 1002.820000
477.990000 632.842000
657.519000 950.050000
613.109000 946.570000
618.424000 584.723000
752.162000 754.037000
755.247000 678.466000
565.533000 694.262000
625.735000 842.987000
769.077000 708.028000
351.189000 449.065000
621.252000 997.368000
549.922000 839.779000
546.600000 653.941000
638.870000 744.381000
806.922000 341.966000
628.864000 848.218000
670.865000 831.541000
474.711000 732.412000
682.313000 817.535000
596.902000 862.583000
542.486000 1034.180000
571.149000 606.960000
286.818000 934.825000
625.596000 778.985000
464.609000 937.798000
689.443000 943.307000
693.885000 696.989000
495.664000 560.542000
789.508000 449.328000
692.298000 673.717000
493.027000 746.747000
581.601000 595.316000
601.205000 822.027000
239.930000 782.566000
618.976000 863.476000
622.848000 875.707000
681.233000 753.438000
385.552000 758.803000
520.583000 682.439000
687.470000 610.365000
658.849000 917.707000
690.456000 886.974000
572.517000 1171.800000
563.543000 888.347000
758.723000 646.431000
356.927000 650.917000
564.198000 1018.700000
690.393000 772.171000
588.295000 703.822000
518.200000 726.735000
462.807000 517.164000
646.052000 646.251000
505.717000 669.208000
671.676000 776.835000
539.202000 793.690000
370.113000 714.104000
596.132000 951.682000
661.834000 801.066000
766.829000 584.383000
528.156000 930.528000
627.005000 697.459000
747.605000 691.424000
682.385000 716.791000
528.053000 1059.180000
553.944000 709.091000
496.503000 786.545000
543.167000 966.455000
647.232000 728.668000
643.057000 929.238000
605.800000 933.193000
624.142000 850.576000
441.237000 822.496000
588.323000 980.857000
647.036000 446.867000
589.812000 729.696000
471.456000 597.329000
317.999000 917.140000
602.073000 573.163000
590.536000 718.750000
713.266000 631.525000
732.901000 771.794000
546.385000 1140.510000
635.203000 866.698000
595.394000 639.976000
708.364000 872.232000
632.127000 827.576000
715.986000 706.029000
305.865000 715.265000
360.018000 968.533000
774.305000 491.514000
424.044000 1032.240000
686.024000 919.530000
495.143000 684.119000
660.655000 466.209000
648.919000 847.432000
472.855000 854.315000
703.980000 579.481000
650.197000 780.890000
635.516000 625.042000
552.811000 415.742000
541.933000 661.686000
755.959000 557.057000
626.228000 1005.820000
641.745000 740.686000
610.662000 826.934000
600.259000 875.458000
670.111000 593.442000
504.759000 1201.130000
621.309000 876.328000
638.472000 895.702000
636.637000 905.860000
555.078000 772.849000
677.798000 834.325000
713.279000 576.763000
570.841000 715.471000
667.975000 987.502000
639.006000 966.295000
705.534000 871.441000
721.622000 593.040000
635.040000 768.640000
705.066000 583.338000
631.919000 897.795000
703.254000 735.783000
487.386000 684.515000
736.543000 756.395000
613.141000 735.582000
506.358000 548.706000
661.952000 985.894000
558.330000 688.349000
675.233000 694.755000
672.924000 948.470000
486.877000 653.098000
511.261000 740.385000
474.229000 626.318000
725.886000 567.744000
631.527000 590.226000
583.671000 781.532000
726.446000 729.426000
582.500000 841.493000
231.920000 929.045000
745.736000 756.613000
631.045000 897.397000
676.675000 1013.090000
768.695000 599.306000
725.109000 661.863000
738.171000 712.803000
441.120000 804.306000
695.163000 536.481000
431.431000 748.035000
484.729000 992.442000
632.200000 854.620000
481.109000 473.738000
623.545000 821.801000
761.373000 707.090000
711.077000 423.558000
618.970000 591.645000
656.870000 673.158000
680.499000 680.807000
723.236000 410.525000
555.674000 1136.530000
743.788000 570.556000
594.066000 788.993000
512.226000 892.789000
741.320000 764.349000
706.251000 691.340000
468.562000 969.956000
668.688000 600.165000
640.487000 776.004000
714.598000 593.069000
541.098000 920.121000
515.009000 776.984000
718.806000 694.802000
693.364000 517.029000
743.764000 800.547000
478.211000 741.529000
432.638000 479.629000
650.902000 536.884000
624.409000 863.631000
761.595000 369.777000
542.658000 465.848000
738.511000 740.659000
708.681000 856.088000
618.163000 827.972000
684.400000 762.280000
555.953000 730.216000
566.082000 822.552000
619.494000 1008.510000
649.739000 598.221000
749.915000 702.550000
665.291000 660.099000
579.127000 666.776000
671.745000 774.683000
542.561000 679.914000
645.294000 937.605000
710.945000 482.864000
487.485000 774.636000
686.768000 795.121000
384.540000 733.199000
514.316000 810.721000
674.409000 601.375000
333.996000 417.489000
389.359000 1231.810000
779.884000 579.497000
559.533000 630.780000
725.005000 694.756000
352.331000 758.905000
677.614000 925.975000
684.590000 1038.400000
780.676000 566.645000
698.498000 881.341000
565.491000 907.907000
631.227000 817.332000
449.607000 848.770000
790.058000 622.597000
665.453000 815.632000
401.648000 1029.920000
306.928000 558.534000
609.546000 686.024000
714.417000 907.360000
569.034000 801.132000
471.988000 583.991000
641.200000 973.147000
562.975000 661.895000
647.578000 890.076000
584.150000 1048.160000
627.143000 736.526000
727.863000 729.249000
534.089000 783.946000
631.151000 799.686000
420.592000 530.552000
582.878000 765.402000
393.250000 681.480000
738.791000 564.902000
662.585000 1086.740000
520.165000 819.051000
807.388000 553.664000
600.663000 965.158000
618.998000 660.155000
520.122000 954.824000
623.309000 953.715000
672.596000 821.849000
711.773000 453.944000
767.701000 659.447000
702.391000 779.566000
517.774000 1230.490000
617.290000 491.340000
656.003000 721.535000
568.236000 893.368000
443.070000 726.043000
613.629000 756.768000
652.881000 920.600000
620.903000 854.581000
618.228000 840.071000
653.705000 869.887000
606.208000 756.107000
762.408000 623.277000
554.736000 706.036000
580.117000 981.439000
638.975000 730.530000
625.179000 723.582000
591.657000 919.136000
640.130000 908.966000
611.842000 718.264000
557.841000 821.832000
669.165000 712.288000
594.304000 869.432000
629.833000 598.820000
673.891000 759.672000
556.205000 1127.960000
471.174000 518.009000
679.730000 1029.060000
469.333000 667.046000
689.825000 799.565000
766.230000 721.577000
536.014000 304.440000
666.864000 923.609000
496.071000 986.743000
599.816000 779.607000
649.915000 751.658000
291.360000 405.506000
593.441000 816.742000
582.717000 651.897000
535.891000 1390.990000
628.323000 784.794000
638.500000 675.335000
481.161000 1137.840000
715.746000 885.496000
477.883000 950.487000
606.562000 778.656000
628.325000 701.816000
828.635000 465.299000
633.311000 424.979000
638.963000 787.023000
599.293000 892.576000
713.301000 885.949000
474.833000 829.733000
659.639000 823.112000
257.494000 646.415000
558.423000 591.866000
494.706000 747.791000
667.880000 587.085000
569.010000 892.056000
613.777000 777.992000
542.076000 714.796000
518.510000 1189.540000
709.069000 668.681000
692.110000 530.186000
593.112000 746.618000
508.745000 658.397000
638.246000 906.359000
563.114000 731.822000
600.040000 871.754000
696.472000 835.747000
640.420000 900.533000
687.688000 461.196000
658.623000 930.604000
655.768000 867.181000
471.639000 672.966000
649.442000 829.140000
775.679000 678.147000
